 day | month | num_obs |   avg_potentiometer    | triggered | not_triggered 
-----+-------+---------+------------------------+-----------+---------------
  18 |    11 |     141 |    10.2340425531914894 |       141 |             0
   2 |    11 |     143 |   137.7272727272727273 |        61 |            82
  14 |    11 |     144 | 0.15972222222222222222 |        30 |           114
   3 |    12 |      36 |  2181.1944444444444444 |        36 |             0
   1 |    11 |     143 |  1513.3566433566433566 |       143 |             0
  29 |    10 |       1 | 0.00000000000000000000 |         0 |             1
  15 |    11 |     144 | 0.12500000000000000000 |        22 |           122
  16 |    11 |     136 | 0.74264705882352941176 |        42 |            94
  28 |    11 |     143 |   361.2027972027972028 |       143 |             0
   4 |    11 |     144 |   576.5625000000000000 |       144 |             0
  21 |    11 |     144 |     1.2569444444444444 |       144 |             0
  20 |    11 |     144 |    10.2916666666666667 |       144 |             0
  10 |    11 |     143 | 0.11188811188811188811 |       143 |             0
  25 |    11 |     144 |   749.7291666666666667 |       144 |             0
  30 |    10 |      28 |  2924.2857142857142857 |         2 |            26
  19 |    11 |     144 |    18.5277777777777778 |       144 |             0
  27 |    11 |     138 |    78.9420289855072464 |       138 |             0
  11 |    11 |     142 |    46.0000000000000000 |       142 |             0
   8 |    11 |     144 | 0.22916666666666666667 |       144 |             0
  17 |    11 |     141 |     9.9929078014184397 |       108 |            33
  22 |    11 |     144 | 0.90972222222222222222 |       144 |             0
   7 |    11 |     144 | 0.18055555555555555556 |       144 |             0
  29 |    11 |     143 |    27.4895104895104895 |       143 |             0
   6 |    11 |     140 |     2.0571428571428571 |       140 |             0
   5 |    11 |     138 | 0.13768115942028985507 |       138 |             0
  24 |    11 |     143 |    27.6223776223776224 |       143 |             0
  30 |    11 |     144 |   122.5972222222222222 |       144 |             0
   9 |    11 |     144 | 0.21527777777777777778 |       144 |             0
  23 |    11 |     144 |     1.7291666666666667 |       144 |             0
  31 |    10 |     141 |  2428.1134751773049645 |        32 |           109
   2 |    12 |     144 |  2179.8888888888888889 |       144 |             0
  13 |    11 |     144 |    13.7361111111111111 |        25 |           119
  12 |    11 |     139 |    14.4532374100719424 |       104 |            35
  26 |    11 |     142 |  1989.8873239436619718 |       142 |             0
   1 |    12 |     142 |  1812.6056338028169014 |       142 |             0
   3 |    11 |     144 |  1362.6875000000000000 |       144 |             0
(36 rows)

